62 p62 5 1249 512 8
81 p81 5 1956 512 8
91 p91 5 1747 512 8
106 p106 5 1005 512 8
57 p57 10 1059 512 8
24 p24 15 1518 512 8
58 p58 10 1165 512 8
136 p136 5 1871 512 8
59 p59 10 1625 512 8
137 p137 5 1064 512 8
60 p60 10 1275 512 8
138 p138 5 1703 512 8
10 p10 20 1489 512 8
139 p139 5 1288 512 8
61 p61 10 1273 512 8
141 p141 5 1782 512 8
142 p142 5 1990 512 8
25 p25 15 1371 512 8
143 p143 5 1999 512 8
144 p144 5 1914 512 8
62 p62 10 1249 512 8
11 p11 20 1314 512 8
145 p145 5 1721 512 8
63 p63 10 1068 512 8
146 p146 5 1494 512 8
147 p147 5 1583 512 8
26 p26 15 1995 512 8
148 p148 5 1472 512 8
149 p149 5 1221 512 8
64 p64 10 1886 512 8
150 p150 5 1983 512 8
151 p151 5 1049 512 8
65 p65 10 1673 512 8
27 p27 15 1462 512 8
152 p152 5 1657 512 8
153 p153 5 1613 512 8
66 p66 10 1791 512 8
154 p154 5 1144 512 8
4 p4 25 1219 512 8
155 p155 5 1774 512 8
67 p67 10 1752 512 8
156 p156 5 1225 512 8
157 p157 5 1128 512 8
28 p28 15 1301 512 8
158 p158 5 1112 512 8
159 p159 5 1821 512 8
68 p68 10 1135 512 8
160 p160 5 1147 512 8
69 p69 10 1658 512 8
161 p161 5 1889 512 8
29 p29 15 1087 512 8
162 p162 5 1409 512 8
163 p163 5 1329 512 8
70 p70 10 1746 512 8
164 p164 5 1396 512 8
12 p12 20 1760 512 8
165 p165 5 1342 512 8
166 p166 5 1667 512 8
71 p71 10 1286 512 8
167 p167 5 1692 512 8
30 p30 15 1338 512 8
168 p168 5 1875 512 8
169 p169 5 1186 512 8
72 p72 10 1385 512 8
170 p170 5 1024 512 8
171 p171 5 1578 512 8
172 p172 5 1445 512 8
5 p5 25 1290 512 8
73 p73 10 1134 512 8
173 p173 5 1669 512 8
31 p31 15 1057 512 8
174 p174 5 1221 512 8
175 p175 5 1037 512 8
74 p74 10 1040 512 8
176 p176 5 1234 512 8
13 p13 20 1119 512 8
177 p177 5 1895 512 8
178 p178 5 1545 512 8
179 p179 5 1208 512 8
75 p75 10 1468 512 8
180 p180 5 1639 512 8
76 p76 10 1834 512 8
181 p181 5 1419 512 8
32 p32 15 1609 512 8
77 p77 10 1988 512 8
182 p182 5 1466 512 8
183 p183 5 1249 512 8
33 p33 15 1119 512 8
184 p184 5 1649 512 8
78 p78 10 1469 512 8
185 p185 5 1905 512 8
14 p14 20 1927 512 8
186 p186 5 1343 512 8
79 p79 10 1858 512 8
187 p187 5 1008 512 8
188 p188 5 1571 512 8
34 p34 15 1400 512 8
190 p190 5 1572 512 8
80 p80 10 1956 512 8
191 p191 5 1650 512 8
81 p81 10 1956 512 8
192 p192 5 1089 512 8
193 p193 5 1265 512 8
35 p35 15 1241 512 8
194 p194 5 1213 512 8
82 p82 10 1639 512 8
195 p195 5 1758 512 8
83 p83 10 1249 512 8
196 p196 5 1115 512 8
6 p6 25 1413 512 8
197 p197 5 1892 512 8
0 p0 30 1180 512 8
198 p198 5 1012 512 8
199 p199 5 1684 512 8
84 p84 10 1858 512 8
200 p200 5 1735 512 8
201 p201 5 1824 512 8
85 p85 10 1654 512 8
36 p36 15 1916 512 8
203 p203 5 1133 512 8
86 p86 10 1296 512 8
204 p204 5 1550 512 8
205 p205 5 1456 512 8
37 p37 15 1399 512 8
206 p206 5 1305 512 8
87 p87 10 1801 512 8
207 p207 5 1748 512 8
208 p208 5 1913 512 8
15 p15 20 1402 512 8
209 p209 5 1140 512 8
88 p88 10 1803 512 8
210 p210 5 1795 512 8
38 p38 15 1512 512 8
89 p89 10 1419 512 8
211 p211 5 1593 512 8
212 p212 5 1336 512 8
39 p39 15 1483 512 8
90 p90 10 1968 512 8
7 p7 25 1075 512 8
214 p214 5 1956 512 8
91 p91 10 1747 512 8
215 p215 5 1216 512 8
216 p216 5 1733 512 8
40 p40 15 1210 512 8
217 p217 5 1132 512 8
92 p92 10 1086 512 8
218 p218 5 1792 512 8
219 p219 5 1508 512 8
93 p93 10 1255 512 8
220 p220 5 1158 512 8
16 p16 20 1721 512 8
221 p221 5 1849 512 8
222 p222 5 1803 512 8
94 p94 10 1728 512 8
223 p223 5 1269 512 8
41 p41 15 1780 512 8
95 p95 10 1354 512 8
225 p225 5 1861 512 8
96 p96 10 1707 512 8
226 p226 5 1497 512 8
227 p227 5 1885 512 8
1 p1 30 1121 512 8
228 p228 5 1290 512 8
97 p97 10 1145 512 8
229 p229 5 1984 512 8
230 p230 5 1612 512 8
42 p42 15 1698 512 8
231 p231 5 1757 512 8
232 p232 5 1338 512 8
98 p98 10 1791 512 8
233 p233 5 1382 512 8
234 p234 5 1463 512 8
43 p43 15 1943 512 8
235 p235 5 1615 512 8
99 p99 10 1433 512 8
236 p236 5 1512 512 8
17 p17 20 1964 512 8
237 p237 5 1602 512 8
100 p100 10 1973 512 8
238 p238 5 1204 512 8
44 p44 15 1662 512 8
239 p239 5 1383 512 8
101 p101 10 1888 512 8
240 p240 5 1487 512 8
102 p102 10 1143 512 8
241 p241 5 1338 512 8
242 p242 5 1119 512 8
18 p18 20 1272 512 8
243 p243 5 1843 512 8
244 p244 5 1124 512 8
103 p103 10 1946 512 8
245 p245 5 1791 512 8
104 p104 10 1190 512 8
246 p246 5 1232 512 8
45 p45 15 1479 512 8
105 p105 10 1751 512 8
248 p248 5 1172 512 8
249 p249 5 1541 512 8
106 p106 10 1005 512 8
250 p250 5 1760 512 8
46 p46 15 1193 512 8
251 p251 5 1863 512 8
252 p252 5 1697 512 8
107 p107 10 1986 512 8
253 p253 5 1069 512 8
8 p8 25 1270 512 8
254 p254 5 1512 512 8
108 p108 10 1228 512 8
255 p255 5 1147 512 8
256 p256 5 1653 512 8
47 p47 15 1414 512 8
257 p257 5 1876 512 8
109 p109 10 1563 512 8
258 p258 5 1563 512 8
48 p48 15 1568 512 8
259 p259 5 1884 512 8
260 p260 5 1997 512 8
110 p110 10 1494 512 8
261 p261 5 1208 512 8
111 p111 10 1703 512 8
262 p262 5 1363 512 8
19 p19 20 1457 512 8
263 p263 5 1794 512 8
264 p264 5 1786 512 8
112 p112 10 1268 512 8
265 p265 5 1988 512 8
266 p266 5 1371 512 8
113 p113 10 1026 512 8
267 p267 5 1569 512 8
268 p268 5 1274 512 8
49 p49 15 1941 512 8
269 p269 5 1517 512 8
114 p114 10 1129 512 8
270 p270 5 1081 512 8
2 p2 30 1866 512 8
271 p271 5 1894 512 8
272 p272 5 1551 512 8
273 p273 5 1596 512 8
115 p115 10 1589 512 8
274 p274 5 1904 512 8
50 p50 15 1216 512 8
275 p275 5 1458 512 8
116 p116 10 1938 512 8
276 p276 5 1450 512 8
117 p117 10 1439 512 8
277 p277 5 1042 512 8
278 p278 5 1632 512 8
20 p20 20 1492 512 8
279 p279 5 1871 512 8
280 p280 5 1803 512 8
118 p118 10 1550 512 8
51 p51 15 1778 512 8
281 p281 5 1946 512 8
119 p119 10 1900 512 8
282 p282 5 1932 512 8
120 p120 10 1109 512 8
283 p283 5 1106 512 8
284 p284 5 1717 512 8
21 p21 20 1882 512 8
285 p285 5 1875 512 8
121 p121 10 1385 512 8
286 p286 5 1523 512 8
122 p122 10 1586 512 8
287 p287 5 1864 512 8
288 p288 5 1762 512 8
52 p52 15 1574 512 8
289 p289 5 1850 512 8
123 p123 10 1216 512 8
290 p290 5 1512 512 8
291 p291 5 1415 512 8
9 p9 25 1499 512 8
292 p292 5 1280 512 8
124 p124 10 1483 512 8
293 p293 5 1135 512 8
294 p294 5 1387 512 8
125 p125 10 1108 512 8
53 p53 15 1414 512 8
295 p295 5 1692 512 8
296 p296 5 1186 512 8
126 p126 10 1208 512 8
297 p297 5 1515 512 8
22 p22 20 1187 512 8
298 p298 5 1299 512 8
127 p127 10 1010 512 8
299 p299 5 1371 512 8
300 p300 5 1094 512 8
54 p54 15 1491 512 8
301 p301 5 1522 512 8
128 p128 10 1676 512 8
302 p302 5 1304 512 8
303 p303 5 1599 512 8
129 p129 10 1707 512 8
304 p304 5 1616 512 8
23 p23 20 1022 512 8
305 p305 5 1822 512 8
306 p306 5 1246 512 8
130 p130 10 1510 512 8
307 p307 5 1487 512 8
55 p55 15 1251 512 8
308 p308 5 1315 512 8
309 p309 5 1528 512 8
131 p131 10 1551 512 8
310 p310 5 1831 512 8
132 p132 10 1963 512 8
311 p311 5 1424 512 8
312 p312 5 1749 512 8
56 p56 15 1243 512 8
133 p133 10 1439 512 8
313 p313 5 1248 512 8
3 p3 30 1961 512 8
314 p314 5 1214 512 8
315 p315 5 1337 512 8
